MDL166S001	10	7	8	8.5	7	7	10	9	10
MDL166S002	10	8	8	9	8	8	10	10	10
MDL166S003	8	6	7	7	7	0	8	9	9
MDL166S004	8	0	8.5	9	8	0	9	9	10
MDL166S005	7	0	7	7	6	0	9	9	9
MDL166S006	9	7	8.5	8.5	8	8	9	8	10
MDL166S007	10	8.5	10	10	8.5	8	9	10	10
MDL166S008	8.5	6	0	7	0	6	8.5	8	7
MDL166S009	10	7	8	9	9	7	7	10	8.5
MDL166S010	10	7	6	8.5	7	7	8	9	8
MDL166S011	7	5	8	8.5	7	0	8	10	9
MDL166S012	10	8	8.5	8	8	8	10	10	7
MDL166S013	10	9	8	8	8	9	10	9	10
MDL166S014	0	0	0	0	7	0	8	9	6
MDL166S015	10	8.5	8	10	8.5	6	10	9	10
MDL166S016	9	8	0	10	8.5	8	10	9	9
MDL166S017	8.5	7	10	8.5	8	8.5	10	9	10
MDL166S018	8	6	0	8.5	8	7	9	10	10
MDL166S019	8.5	7	7	8	8.5	7	9	9	10
MDL166S020	8	8.5	9	10	8	6	10	9	9
MDL166S021	10	8	7	10	8.5	8	10	10	10
MDL166S022	8	8	8	8	7	6	9	7	10
MDL166S023	10	9	8	10	8.5	10	10	10	9
MDL166S024	7	6	0	8	8	0	9	8.5	8.5
MDL166S025	9	8	10	7	8	8	10	9	8.5
MDL166S026	9	7	8	6	8	7	10	10	10
MDL166S027	10	9	9	8.5	7	8	10	9	10
MDL166S028	10	8	9	7	8	8	10	10	8.5
MDL166S029	10	8.5	6	8.5	8	8	8.5	9	8.5
MDL166S030	8	8	8	8.5	6	8	8.5	9	8
MDL166S031	9	8	8	8	7	6	9	8	9
MDL166S032	9	9	10	10	8	8	10	8	10
MDL166S033	6	0	0	0	7	0	8.5	9	6
MDL166S034	10	8.5	10	10	9	8.5	10	9	10
MDL166S035	9	8	8	8.5	8.5	6	9	9	8
MDL166S036	8.5	6	10	9	8	8	10	10	9
MDL166S037	10	10	8	10	9	8	10	10	8
MDL166S038	8.5	8	7	9	9	8.5	10	9	10
MDL166S039	10	7	10	9	8.5	7	9	10	10
MDL166S040	8.5	6	9	8.5	8	7	10	10	10
MDL166S041	10	6	8	8	8	6	8.5	8	10
MDL166S042	10	8.5	8.5	9	9	9	10	10	8.5
MDL166S043	10	7	10	9	8	8.5	10	10	9
MDL166S044	10	8.5	9	10	8	10	10	10	10
MDL166S045	10	7	8	9	8.5	7	8	10	9
MDL166S046	9	8.5	10	8.5	8.5	9	10	10	8.5
MDL166S047	10	8	8	9	7	9	10	10	9
MDL166S048	9	7	10	8.5	8	8	10	9	10
MDL166S049	0	0	8.5	0	7	0	7	7	8.5
MDL166S050	10	9	10	10	8	10	10	10	10
MDL166S051	7	7	8	7	6	6	8.5	9	7
MDL166S052	10	8	9	10	8	8	10	10	8
MDL166S053	8	7	0	8.5	7	6	8	8	8
MDL166S054	8	7	8.5	8.5	8	8	9	8.5	10
MDL166S055	10	8.5	10	10	8.5	9	9	9	8.5
MDL166S056	10	8.5	8	10	8	9	10	10	10
MDL166S057	8	6	8	9	7	0	9	10	10
MDL166S058	9	8	8.5	10	8.5	10	10	10	10
MDL166S059	10	9	10	10	9	10	10	10	8.5
MDL166S060	8	7	8.5	9	6	8	10	9	10
MDL166S061	8	6	8	6	7	7	10	9	9
MDL166S062	10	8	9	10	9	8.5	10	8.5	8.5
MDL166S063	9	8	8.5	9	8	7	10	10	10
MDL166S064	8	8	7	9	10	8	9	8.5	7
MDL166S065	10	7	9	9	8	8	10	10	8
MDL166S066	10	8.5	8.5	9	8	8	10	8.5	7
MDL166S067	9	8	7	8.5	8	6	10	10	10
MDL166S068	10	7	0	8.5	7	6	8.5	10	9
MDL166S069	10	8	8	9	9	8.5	9	9	10
MDL166S070	10	8	10	10	8	8	8	10	8.5
MDL166S071	10	9	9	10	9	9	10	10	10
MDL166S072	9	9	8.5	8	8.5	8	10	9	9
MDL166S073	9	9	9	10	10	9	10	10	10
MDL166S074	10	8.5	8	10	9	8.5	10	10	8.5
MDL166S075	8	7	0	8.5	8.5	6	10	9	10
MDL166S076	8	8	8	9	10	8.5	10	10	7
MDL166S077	8.5	8	9	10	8	7	10	9	9
MDL166S078	10	10	10	10	8	8.5	10	10	10
MDL166S079	10	10	10	10	8	8	10	10	10
MDL166S080	9	7	6	7	8	6	10	8	7
MDL166S081	9	9	8.5	10	9	9	10	9	8
MDL166S082	8.5	8	9	10	7	7	10	10	10
MDL166S083	9	8	10	10	8.5	8	10	8.5	10
MDL166S084	8	7	7	9	8	6	9	10	8
MDL166S085	7	6	0	8	6	5	8.5	9	8.5
MDL166S086	9	9	10	10	8	8	10	10	10
MDL166S087	10	10	10	10	8	8.5	10	10	8.5
MDL166S088	10	8.5	10	10	9	9	10	10	10
MDL166S089	9	9	8	9	8	9	10	10	8.5
MDL166S090	8	8	9	9	7	7	10	9	10
MDL166S091	10	8.5	8.5	10	8	8.5	10	9	10
MDL166S092	10	8	10	10	9	7	9	10	8.5
MDL166S093	10	10	10	10	8	8.5	10	10	10
MDL166S094	8.5	8.5	0	8.5	6	6	10	10	10
MDL166S095	10	9	9	10	8.5	10	10	10	10
MDL166S096	10	8	10	8.5	8	8	10	10	8
MDL166S097	10	8	0	7	8	8	10	9	7
MDL166S098	7	5	0	0	6	0	8.5	8	7
MDL166S099	10	10	10	8	8	9	10	10	10
MDL166S100	10	8	9	8	9	8	10	10	8.5
MDL166S101	10	8	9	6	8.5	9	10	10	10
MDL166S102	8	8	7	8.5	8	7	9	10	8
MDL166S103	9	8.5	9	6	8	9	10	9	10
MDL166S104	9	6	8	0	8	0	10	8.5	10
MDL166S105	9	8	9	7	8	8	9	10	10
MDL166S106	10	8	8	9	9	9	10	10	8
MDL166S107	10	8.5	9	7	8.5	8	10	10	10
MDL166S108	10	8.5	9	7	9	8	9	9	9
MDL166S109	10	10	9	10	8.5	10	10	10	9
MDL166S110	10	10	8.5	10	9	10	10	10	8.5
MDL166S111	9	8	10	8	8.5	8	10	10	9
MDL166S112	10	8	10	6	8.5	8.5	10	8.5	8
MDL166S113	9	7	8.5	8	7	8	10	10	8
MDL166S114	9	8	8	0	8	7	9	10	7
MDL166S115	8.5	8.5	9	7	8	8	9	8.5	10
MDL166S116	7	6	9	6	7	7	9	10	9
MDL166S117	10	8	9	7	8.5	8	10	10	8
MDL166S118	9	8	0	8	8.5	8	10	8	8
MDL166S119	10	8	9	7	8	7	10	9	9
MDL166S120	8	0	7	6	7	6	9	8	9
MDL166S121	0	0	9	0	0	0	10	8.5	10
MDL166S122	9	8	10	7	8	8.5	9	9	8.5
MDL166S123	10	10	8.5	8	8.5	10	10	10	10
