MDL166S001	8	8	7	9	9	10	7	10	10
MDL166S002	8	7	7	9	9	8	8	9	10
MDL166S003	0	0	6	10	9	7	8.5	7	8.5
MDL166S004	6	0	6	8.5	9	8	8.5	9	10
MDL166S005	5	0	0	8.5	9	6	7	7	8.5
MDL166S006	8	7	8	8.5	9	8.5	8	8	10
MDL166S007	8.5	8	8	9	9	10	9	10	10
MDL166S008	6	0	6	10	9	6	8	7	9
MDL166S009	8	7	7	10	9	8	8.5	8	10
MDL166S010	7	7	7	10	10	8	8.5	8.5	9
MDL166S011	5	7	6	10	10	6	7	8	8.5
MDL166S012	8	8.5	7	10	10	8	10	7	9
MDL166S013	8	7	8	10	9	10	8	8.5	10
MDL166S014	0	0	0	10	10	0	9	0	10
MDL166S015	9	7	7	9	8	10	8	10	10
MDL166S016	8	8	8.5	10	10	9	8	10	10
MDL166S017	7	0	7	10	9	8	8.5	10	10
MDL166S018	7	7	7	10	9	7	7	8	9
MDL166S019	7	6	6	8.5	8.5	8	7	7	9
MDL166S020	8	8	8	9	10	10	9	10	10
MDL166S021	8	8	8	10	10	10	10	10	10
MDL166S022	6	6	7	8.5	9	8	8	9	9
MDL166S023	10	9	8.5	10	10	10	9	10	10
MDL166S024	7	0	8	9	9	7	8.5	8	8
MDL166S025	8.5	0	8	10	10	9	10	7	9
MDL166S026	8	7	7	10	8.5	6	8.5	8	10
MDL166S027	7	7	6	9	9	7	8.5	8.5	9
MDL166S028	9	9	8.5	10	10	10	10	10	10
MDL166S029	9	8	9	10	10	9	9	10	10
MDL166S030	7	6	7	10	9	8	8.5	10	9
MDL166S031	5	0	6	8.5	8.5	8	7	7	10
MDL166S032	8	8	8	9	8	9	9	8.5	9
MDL166S033	0	0	0	10	8.5	0	8.5	6	10
MDL166S034	7	10	6	10	9	10	8	10	10
MDL166S035	7	7	6	10	10	8	8	8	9
MDL166S036	8	7	7	10	10	9	8.5	9	10
MDL166S037	9	8	8.5	10	10	7	9	10	9
MDL166S038	8.5	7	8.5	10	9	9	8.5	9	10
MDL166S039	8	7	8	9	8.5	8.5	8.5	10	8.5
MDL166S040	7	7	7	10	9	9	9	10	10
MDL166S041	6	7	7	8.5	8.5	7	8.5	8	9
MDL166S042	8	8	8	10	10	10	10	10	9
MDL166S043	8	7	8.5	10	10	10	8	10	10
MDL166S044	9	8	9	10	10	10	10	10	9
MDL166S045	6	6	7	10	8.5	7	9	9	8.5
MDL166S046	8.5	8	8	10	9	9	9	9	9
MDL166S047	8.5	7	8.5	10	10	8.5	10	10	9
MDL166S048	8	7	8	10	8	9	8.5	8.5	10
MDL166S049	5	0	0	8.5	8	0	8.5	0	7
MDL166S050	10	8	8.5	10	9	10	10	10	10
MDL166S051	6	0	7	10	8	6	8	0	8.5
MDL166S052	8	7	8	10	9	9	10	10	9
MDL166S053	7	6	6	10	8.5	8	7	8.5	8.5
MDL166S054	7	7	8	9	8	6	9	8	9
MDL166S055	8.5	8	9	10	8.5	10	9	10	8.5
MDL166S056	10	9	9	10	10	10	9	10	10
MDL166S057	7	7	7	10	8	7	8.5	8	8.5
MDL166S058	8	7	8	9	8	8	9	7	9
MDL166S059	8	8.5	8.5	10	9	9	10	9	8.5
MDL166S060	8	7	8	9	8	8.5	8	8.5	10
MDL166S061	7	0	6	8.5	8	0	7	0	7
MDL166S062	8	8	8.5	10	9	8.5	8	10	8.5
MDL166S063	8	8	6	9	9	8.5	8	8	10
MDL166S064	8	6	8	10	8	8	8.5	10	8.5
MDL166S065	8	8	8	10	8.5	8.5	8	8.5	10
MDL166S066	7	7	7	10	9	8.5	8	9	8.5
MDL166S067	8	6	7	10	8.5	8.5	8.5	8	9
MDL166S068	7	7	6	10	8.5	9	7	8.5	8.5
MDL166S069	8	8.5	7	10	8.5	10	8.5	8	9
MDL166S070	8	6	6	10	8	9	8.5	9	8
MDL166S071	8.5	8.5	8.5	10	10	10	8.5	9	10
MDL166S072	8.5	7	7	10	10	8.5	8	7	8.5
MDL166S073	8.5	8	9	10	9	10	8.5	10	10
MDL166S074	8.5	8.5	9	10	9	10	8	10	9
MDL166S075	7	7	7	10	8	6	8.5	8	8.5
MDL166S076	7	0	7	10	10	0	9	8	8.5
MDL166S077	8	7	7	8.5	8.5	8	8	8	9
MDL166S078	8.5	8	8	10	9	9	8	10	10
MDL166S079	8	8.5	8	10	9	10	8.5	10	10
MDL166S080	6	6	6	10	8	6	8	6	8
MDL166S081	8	6	8	10	10	8	8	10	9
MDL166S082	7	6	7	10	9	9	9	8.5	10
MDL166S083	7	7	6	9	9	6	8.5	9	10
MDL166S084	8	7	7	10	10	8	9	8.5	8.5
MDL166S085	7	0	0	10	9	6	8.5	8.5	8.5
MDL166S086	8	7	8	9	9	10	9	8.5	10
MDL166S087	9	8.5	8	10	10	10	8.5	10	8.5
MDL166S088	8	7	8	10	9	10	8	10	10
MDL166S089	9	7	8.5	10	10	9	9	10	10
MDL166S090	7	0	6	10	8.5	9	8.5	8.5	10
MDL166S091	8	7	8	10	8.5	10	8.5	8.5	10
MDL166S092	9	7	7	10	10	8	8	8.5	8.5
MDL166S093	10	7	8.5	10	8.5	10	9	10	10
MDL166S094	7	7	8	10	8.5	10	8.5	7	10
MDL166S095	10	7	6	10	8.5	10	8	10	10
MDL166S096	8	7	8	10	10	10	8.5	10	9
MDL166S097	9	7	8	10	10	10	9	8	8.5
MDL166S098	0	0	0	9	8	6	8	0	6
MDL166S099	9	7	8	10	9	8.5	8.5	9	10
MDL166S100	9	8	7	10	10	9	9	10	9
MDL166S101	7	7	8	10	8.5	10	8	9	10
MDL166S102	8	6	7	10	10	7	9	10	8.5
MDL166S103	8.5	7	8	10	8.5	9	8	10	10
MDL166S104	7	7	6	8.5	8	8.5	8	8	10
MDL166S105	9	8	8	10	9	8	8.5	8	10
MDL166S106	8	7	8	10	10	8	9	9	8.5
MDL166S107	9	8	8	9	8.5	8.5	8	9	10
MDL166S108	8.5	8.5	8	10	10	10	8	8.5	9
MDL166S109	8.5	8.5	10	10	10	10	8.5	10	9
MDL166S110	10	8	10	10	10	10	8	10	9
MDL166S111	8	7	8.5	10	8.5	9	9	10	10
MDL166S112	9	7	8	10	9	9	8.5	8	8.5
MDL166S113	7	7	0	10	10	8	8	8.5	8.5
MDL166S114	8	7	8	10	9	8	8	8.5	10
MDL166S115	8.5	7	7	10	8.5	8.5	8.5	8	10
MDL166S116	7	7	6	9	8	8	8	9	9
MDL166S117	8.5	7	8	10	10	10	8.5	8.5	8.5
MDL166S118	9	7	7	10	10	8.5	8	8.5	9
MDL166S119	8	7	8	10	10	10	8.5	9	8.5
MDL166S120	8	8	7	9	8	8	7	9	9
MDL166S121	5	0	0	9	8	0	8.5	6	8
MDL166S122	8	7	8.5	10	10	8	8.5	8.5	8.5
MDL166S123	9	8	8	9	8.5	8.5	9	8.5	10
